построй аналогично два графика на одной координатной плоскости на основе этих данных (координаты по x для обоих графиков - первый столбец, координаты по y для первого графика - второй столбец, координаты по y для второго графика - третий столбец):
500 314 73
600 378 113
700 444 128
800 512 142
900 582 156
1000 642 169
1100 719 239
1200 912 257
1300 976 284
1400 937 288
1500 1022 309
1600 1089 321
1700 1166 345
1800 1229 357
1900 1396 420
2000 1494 417
2100 1469 452
2200 1501 538
2300 1579 541
2400 1544 553
2500 1607 562
2600 1686 576
2700 1651 551
2800 1737 572
2900 1796 568
3000 1773 614
3100 1809 589
3200 1830 576
3300 1868 588
3400 1919 595
3500 1936 597
3600 2009 605
3700 1950 606
3800 2021 616
3900 2059 632
4000 2076 620
4100 2094 706
4200 2255 741
4300 2254 795
4400 2202 818
4500 2333 824
4600 2456 890
4700 2390 864
4800 2460 872
4900 2492 885
5000 2543 935
5100 2565 1009
5200 2801 988
5300 2747 943
5400 2819 958
5500 2837 978
5600 2905 994
5700 2976 1002
5800 3012 1062
5900 3272 1054
6000 3395 1221
6100 3185 1059
6200 3301 1077
6300 3413 1090
6400 3321 1128
6500 3498 1138
6600 3476 1213
6700 3717 1225
6800 3804 1171
6900 3729 1187
7000 3939 1256
7100 4347 1360
7200 4212 1507
7300 4679 2005
7400 4654 1467
7500 4368 1458
7600 4899 1439
7700 4471 1336
7800 4631 1465
7900 4976 1420
8000 4458 1409
8100 4407 1484
8200 4584 1386
8300 4557 1606
8400 5100 1543
8500 4886 1628
8600 5056 1862
8700 4666 1753
8800 4995 1840
8900 5441 1816
9000 4877 1798
9100 4848 1817
9200 4861 1891
9300 4937 2007
9400 5158 1863
9500 5267 1906
9600 5103 2010
9700 5242 1922
9800 5459 1973
9900 5295 1945
10000 5328 2001