500 214 55
600 259 85
700 298 96
800 343 107
900 389 114
1000 426 126
1100 475 172
1200 515 199
1300 569 203
1400 613 215
1500 658 226
1600 707 241
1700 767 256
1800 804 260
1900 825 266
2000 901 290
2100 1408 346
2200 1308 517
2300 1780 1382
2400 2204 906
2500 2709 766
2600 1673 612
2700 1449 470
2800 1588 540
2900 1401 529
3000 1481 582
3100 1443 582
3200 1984 572
3300 1587 548
3400 1684 586
3500 1746 578
3600 1709 681
3700 1714 614
3800 1748 622
3900 1844 759
4000 1897 619
4100 1926 665
4200 2020 750
4300 1960 802
4400 2073 986
4500 2145 863
4600 2128 856
4700 2158 872
4800 2289 889
4900 2236 930
5000 2311 958
5100 2401 952
5200 2385 971
5300 2433 1055
5400 2481 1001
5500 2549 1034
5600 2685 1051
5700 2718 1037
5800 2681 1089
5900 2728 1067
6000 3010 1161
6100 2884 1121
6200 2911 1105
6300 3031 1152
6400 2972 1155
6500 3152 1168
6600 3090 1209
6700 3228 1224
6800 3519 1375
6900 3283 1294
7000 3347 1243
7100 3412 1254
7200 3381 1340
7300 3529 1299
7400 3608 1303
7500 3579 1323
7600 3650 1396
7700 3780 1343
7800 3710 1425
7900 3796 1363
8000 3918 1445
8100 3989 1395
8200 3906 1488
8300 3935 1487
8400 4020 1729
8500 4243 1725
8600 4131 1721
8700 4199 1823
8800 4217 1914
8900 4314 1877
9000 4336 1841
9100 4408 1921
9200 4529 1963
9300 4675 1926
9400 4491 1929
9500 4552 1919
9600 4637 1973
9700 4629 2001
9800 4680 2027
9900 4985 2023
10000 4975 2114