500 205 54
600 262 87
700 363 129
800 358 111
900 403 120
1000 439 130
1100 492 176
1200 535 188
1300 585 277
1400 686 214
1500 674 237
1600 760 248
1700 777 252
1800 797 262
1900 841 272
2000 904 286
2100 969 344
2200 1014 417
2300 1075 417
2400 1152 417
2500 1135 450
2600 1162 447
2700 1209 466
2800 1304 463
2900 1314 477
3000 1328 489
3100 1374 526
3200 1430 518
3300 1587 580
3400 1549 543
3500 1620 575
3600 1633 569
3700 1661 603
3800 1753 764
3900 1826 627
4000 1835 639
4100 1864 689
4200 1949 737
4300 2011 810
4400 2056 882
4500 2156 932
4600 2205 922
4700 2357 910
4800 2243 916
4900 2404 932
5000 2359 1033
5100 2496 1069
5200 2476 986
5300 2556 1006
5400 2586 1035
5500 2646 1057
5600 2815 1053
5700 2670 1066
5800 2778 1185
5900 3067 1112
6000 2980 1091
6100 3007 1142
6200 2880 1158
6300 3021 1214
6400 3029 1169
6500 3048 1164
6600 3098 1316
6700 3228 1213
6800 3211 1234
6900 3787 1753
7000 4127 1463
7100 3970 1427
7200 3490 1336
7300 3604 1344
7400 3628 1341
7500 3599 1416
7600 3959 1475
7700 3775 1387
7800 3819 1519
7900 3873 1463
8000 3941 1419
8100 3888 1544
8200 4086 1475
8300 4025 1628
8400 4127 1642
8500 4172 1783
8600 4267 1795
8700 4319 1972
8800 4306 2005
8900 4383 1881
9000 4474 1910
9100 4466 2076
9200 4538 1929
9300 4611 2252
9400 4824 2012
9500 4624 2060
9600 5013 2260
9700 5181 2487
9800 6252 5408
9900 6724 2129
10000 5388 2099